7e
a0 65
01 02 01 10 f0 50 e6 e7 00 0f 40 00 00 00 09 0c 07 d0 01 03 01 01 2d 14 ff 80 00 03 02 09 09 07 4b 46 4d 5f 30 30 31 09 10 36 39 37 30 36 33 31 34 30 30 30 30 30 39 35 30 09 08 4d 41 31 30 35 48 32 45 06 00 00 00 00 06 00 00 00 00 06 00 00 00 00 06 00 00 00 00 06 00 00 00 0e 06 00 00 08 f9 78 03
7e

7e
a0 27
01 02 01 10 5a 87 e6 e7 00 0f 40 00 00 00 09 0c 07 d0 01 03 01 01 2d 15 ff 80 00 03 02 01 06 00 00 00 00
81 b0
7e

7e a0 27 01 02 01 10 5a 87 e6 e7 00 0f 40 00 00 00 09 0c 07 d0 01 03 01 01 2d 18 ff 80 00 03 02 01 06 00 00 00 00 4e 3a 7e
7e a0 27 01 02 01 10 5a 87 e6 e7 00 0f 40 00 00 00 09 0c 07 d0 01 03 01 01 2d 1b ff 80 00 03 02 01 06 00 00 00 00 a0 bd 7e
7e a0 65 01 02 01 10 f0 50 e6 e7 00 0f 40 00 00 00 09 0c 07 d0 01 03 01 01 2d 1e ff 80 00 03 02 09 09 07 4b 46 4d 5f 30 30 31 09 10 36 39 37 30 36 33 31 34 30 30 30 30 30 39 35 30 09 08 4d 41 31 30 35 48 32 45 06 00 00 00 00 06 00 00 00 00 06 00 00 00 00 06 00 00 00 00 06 00 00 00 0e 06 00 00 08 fc 7f 5b 7e
7e a0 27 01 02 01 10 5a 87 e6 e7 00 0f 40 00 00 00 09 0c 07 d0 01 03 01 01 2d 21 ff 80 00 03 02 01 06 00 00 00 00 9f 8b 7e
7e a0 27 01 02 01 10 5a 87 e6 e7 00 0f 40 00 00 00 09 0c 07 d0 01 03 01 01 2d 24 ff 80 00 03 02 01 06 00 00 00 00 bc 0b 7e
7e a0 27 01 02 01 10 5a 87 e6 e7 00 0f 40 00 00 00 09 0c 07 d0 01 03 01 01 2d 27 ff 80 00 03 02 01 06 00 00 00 00 52 8c 7e
7e a0 65 01 02 01 10 f0 50 e6 e7 00 0f 40 00 00 00 09 0c 07 d0 01 03 01 01 2d 28 ff 80 00 03 02 09 09 07 4b 46 4d 5f 30 30 31 09 10 36 39 37 30 36 33 31 34 30 30 30 30 30 39 35 30 09 08 4d 41 31 30 35 48 32 45 06 00 00 00 00 06 00 00 00 00 06 00 00 00 00 06 00 00 00 00 06 00 00 00 0f 06 00 00 08 fa 34 14 7e
7e a0 27 01 02 01 10 5a 87 e6 e7 00 0f 40 00 00 00 09 0c 07 d0 01 03 01 01 2d 2a ff 80 00 03 02 01 06 00 00 00 00 9d 06 7e
7e a0 27 01 02 01 10 5a 87 e6 e7 00 0f 40 00 00 00 09 0c 07 d0 01 03 01 01 2d 2d ff 80 00 03 02 01 06 00 00 00 00 05 84 7e
7e a0 27 01 02 01 10 5a 87 e6 e7 00 0f 40 00 00 00 09 0c 07 d0 01 03 01 01 2d 30 ff 80 00 03 02 01 06 00 00 00 00 12 1b 7e
7e a0 65 01 02 01 10 f0 50 e6 e7 00 0f 40 00 00 00 09 0c 07 d0 01 03 01 01 2d 32 ff 80 00 03 02 09 09 07 4b 46 4d 5f 30 30 31 09 10 36 39 37 30 36 33 31 34 30 30 30 30 30 39 35 30 09 08 4d 41 31 30 35 48 32 45 06 00 00 00 00 06 00 00 00 00 06 00 00 00 00 06 00 00 00 00 06 00 00 00 0e 06 00 00 08 fa aa fe 7e
7e a0 27 01 02 01 10 5a 87 e6 e7 00 0f 40 00 00 00 09 0c 07 d0 01 03 01 01 2d 33 ff 80 00 03 02 01 06 00 00 00 00 fc 9c 7e
7e a0 27 01 02 01 10 5a 87 e6 e7 00 0f 40 00 00 00 09 0c 07 d0 01 03 01 01 2d 36 ff 80 00 03 02 01 06 00 00 00 00 df 1c 7e
7e a0 27 01 02 01 10 5a 87 e6 e7 00 0f 40 00 00 00 09 0c 07 d0 01 03 01 01 2d 39 ff 80 00 03 02 01 06 00 00 00 00 ab 94 7e
7e a0 65 01 02 01 10 f0 50 e6 e7 00 0f 40 00 00 00 09 0c 07 d0 01 03 01 01 2e 00 ff 80 00 03 02 09 09 07 4b 46 4d 5f 30 30 31 09 10 36 39 37 30 36 33 31 34 30 30 30 30 30 39 35 30 09 08 4d 41 31 30 35 48 32 45 06 00 00 00 00 06 00 00 00 00 06 00 00 00 00 06 00 00 00 00 06 00 00 00 0e 06 00 00 08 f8 b7 8a 7e
7e a0 27 01 02 01 10 5a 87 e6 e7 00 0f 40 00 00 00 09 0c 07 d0 01 03 01 01 2e 03 ff 80 00 03 02 01 06 00 00 00 00 63 ac 7e
7e a0 27 01 02 01 10 5a 87 e6 e7 00 0f 40 00 00 00 09 0c 07 d0 01 03 01 01 2e 06 ff 80 00 03 02 01 06 00 00 00 00 40 2c 7e
7e a0 27 01 02 01 10 5a 87 e6 e7 00 0f 40 00 00 00 09 0c 07 d0 01 03 01 01 2e 09 ff 80 00 03 02 01 06 00 00 00 00 34 a4 7e
7e a0 65 01 02 01 10 f0 50 e6 e7 00 0f 40 00 00 00 09 0c 07 d0 01 03 01 01 2e 0a ff 80 00 03 02 09 09 07 4b 46 4d 5f 30 30 31 09 10 36 39 37 30 36 33 31 34 30 30 30 30 30 39 35 30 09 08 4d 41 31 30 35 48 32 45 06 00 00 00 00 06 00 00 00 00 06 00 00 00 00 06 00 00 00 00 06 00 00 00 0e 06 00 00 08 fb 86 b7 7e
7e a0 27 01 02 01 10 5a 87 e6 e7 00 0f 40 00 00 00 09 0c 07 d0 01 03 01 01 2e 0c ff 80 00 03 02 01 06 00 00 00 00 17 24 7e
7e a0 27 01 02 01 10 5a 87 e6 e7 00 0f 40 00 00 00 09 0c 07 d0 01 03 01 01 2e 0f ff 80 00 03 02 01 06 00 00 00 00 f9 a3 7e
7e a0 27 01 02 01 10 5a 87 e6 e7 00 0f 40 00 00 00 09 0c 07 d0 01 03 01 01 2e 12 ff 80 00 03 02 01 06 00 00 00 00 ee 3c 7e
7e a0 27 01 02 01 10 5a 87 e6 e7 00 0f 40 00 00 00 09 0c 07 d0 01 03 01 01 2e 15 ff 80 00 03 02 01 06 00 00 00 00 76 be 7e
7e a0 27 01 02 01 10 5a 87 e6 e7 00 0f 40 00 00 00 09 0c 07 d0 01 03 01 01 2e 18 ff 80 00 03 02 01 06 00 00 00 00 b9 34 7e
7e a0 27 01 02 01 10 5a 87 e6 e7 00 0f 40 00 00 00 09 0c 07 d0 01 03 01 01 2e 1b ff 80 00 03 02 01 06 00 00 00 00 57 b3 7e
7e a0 65 01 02 01 10 f0 50 e6 e7 00 0f 40 00 00 00 09 0c 07 d0 01 03 01 01 2e 1e ff 80 00 03 02 09 09 07 4b 46 4d 5f 30 30 31 09 10 36 39 37 30 36 33 31 34 30 30 30 30 30 39 35 30 09 08 4d 41 31 30 35 48 32 45 06 00 00 00 00 06 00 00 00 00 06 00 00 00 00 06 00 00 00 00 06 00 00 00 0e 06 00 00 08 fb d2 a8 7e
7e a0 27 01 02 01 10 5a 87 e6 e7 00 0f 40 00 00 00 09 0c 07 d0 01 03 01 01 2e 21 ff 80 00 03 02 01 06 00 00 00 00 68 85 7e
7e a0 27 01 02 01 10 5a 87 e6 e7 00 0f 40 00 00 00 09 0c 07 d0 01 03 01 01 2e 24 ff 80 00 03 02 01 06 00 00 00 00 4b 05 7e
7e a0 27 01 02 01 10 5a 87 e6 e7 00 0f 40 00 00 00 09 0c 07 d0 01 03 01 01 2e 27 ff 80 00 03 02 01 06 00 00 00 00 a5 82 7e
7e a0 65 01 02 01 10 f0 50 e6 e7 00 0f 40 00 00 00 09 0c 07 d0 01 03 01 01 2e 28 ff 80 00 03 02 09 09 07 4b 46 4d 5f 30 30 31 09 10 36 39 37 30 36 33 31 34 30 30 30 30 30 39 35 30 09 08 4d 41 31 30 35 48 32 45 06 00 00 00 00 06 00 00 00 00 06 00 00 00 00 06 00 00 00 00 06 00 00 00 0e 06 00 00 08 fa 0d 97 7e
7e a0 27 01 02 01 10 5a 87 e6 e7 00 0f 40 00 00 00 09 0c 07 d0 01 03 01 01 2e 2a ff 80 00 03 02 01 06 00 00 00 00 6a 08 7e
7e a0 27 01 02 01 10 5a 87 e6 e7 00 0f 40 00 00 00 09 0c 07 d0 01 03 01 01 2e 30 ff 80 00 03 02 01 06 00 00 00 00 e5 15 7e
7e a0 27 01 02 01 10 5a 87 e6 e7 00 0f 40 00 00 00 09 0c 07 d0 01 03 01 01 2e 33 ff 80 00 03 02 01 06 00 00 00 00 0b 92 7e
7e a0 27 01 02 01 10 5a 87 e6 e7 00 0f 40 00 00 00 09 0c 07 d0 01 03 01 01 2e 36 ff 80 00 03 02 01 06 00 00 00 00 28 12 7e
7e a0 27 01 02 01 10 5a 87 e6 e7 00 0f 40 00 00 00 09 0c 07 d0 01 03 01 01 2e 39 ff 80 00 03 02 01 06 00 00 00 00 5c 9a 7e
7e a0 65 01 02 01 10 f0 50 e6 e7 00 0f 40 00 00 00 09 0c 07 d0 01 03 01 01 2f 00 ff 80 00 03 02 09 09 07 4b 46 4d 5f 30 30 31 09 10 36 39 37 30 36 33 31 34 30 30 30 30 30 39 35 30 09 08 4d 41 31 30 35 48 32 45 06 00 00 00 00 06 00 00 00 00 06 00 00 00 00 06 00 00 00 00 06 00 00 00 0e 06 00 00 08 f5 5c 2c 7e
7e a0 27 01 02 01 10 5a 87 e6 e7 00 0f 40 00 00 00 09 0c 07 d0 01 03 01 01 2f 03 ff 80 00 03 02 01 06 00 00 00 00 ce a9 7e
7e a0 27 01 02 01 10 5a 87 e6 e7 00 0f 40 00 00 00 09 0c 07 d0 01 03 01 01 2f 06 ff 80 00 03 02 01 06 00 00 00 00 ed 29 7e
7e a0 27 01 02 01 10 5a 87 e6 e7 00 0f 40 00 00 00 09 0c 07 d0 01 03 01 01 2f 09 ff 80 00 03 02 01 06 00 00 00 00 99 a1 7e
7e a0 65 01 02 01 10 f0 50 e6 e7 00 0f 40 00 00 00 09 0c 07 d0 01 03 01 01 2f 0a ff 80 00 03 02 09 09 07 4b 46 4d 5f 30 30 31 09 10 36 39 37 30 36 33 31 34 30 30 30 30 30 39 35 30 09 08 4d 41 31 30 35 48 32 45 06 00 00 00 00 06 00 00 00 00 06 00 00 00 00 06 00 00 00 00 06 00 00 00 0f 06 00 00 08 fa 2a df 7e
7e a0 27 01 02 01 10 5a 87 e6 e7 00 0f 40 00 00 00 09 0c 07 d0 01 03 01 01 2f 0c ff 80 00 03 02 01 06 00 00 00 00 ba 21 7e
7e a0 27 01 02 01 10 5a 87 e6 e7 00 0f 40 00 00 00 09 0c 07 d0 01 03 01 01 2f 0f ff 80 00 03 02 01 06 00 00 00 00 54 a6 7e
7e a0 27 01 02 01 10 5a 87 e6 e7 00 0f 40 00 00 00 09 0c 07 d0 01 03 01 01 2f 12 ff 80 00 03 02 01 06 00 00 00 00 43 39 7e
7e a0 27 01 02 01 10 5a 87 e6 e7 00 0f 40 00 00 00 09 0c 07 d0 01 03 01 01 2f 18 ff 80 00 03 02 01 06 00 00 00 00 14 31 7e
7e a0 27 01 02 01 10 5a 87 e6 e7 00 0f 40 00 00 00 09 0c 07 d0 01 03 01 01 2f 1b ff 80 00 03 02 01 06 00 00 00 00 fa b6 7e
7e a0 65 01 02 01 10 f0 50 e6 e7 00 0f 40 00 00 00 09 0c 07 d0 01 03 01 01 2f 1e ff 80 00 03 02 09 09 07 4b 46 4d 5f 30 30 31 09 10 36 39 37 30 36 33 31 34 30 30 30 30 30 39 35 30 09 08 4d 41 31 30 35 48 32 45 06 00 00 00 00 06 00 00 00 00 06 00 00 00 00 06 00 00 00 00 06 00 00 00 0e 06 00 00 08 fc 63 a1 7e
7e a0 27 01 02 01 10 5a 87 e6 e7 00 0f 40 00 00 00 09 0c 07 d0 01 03 01 01 2f 21 ff 80 00 03 02 01 06 00 00 00 00 c5 80 7e
7e a0 27 01 02 01 10 5a 87 e6 e7 00 0f 40 00 00 00 09 0c 07 d0 01 03 01 01 2f 24 ff 80 00 03 02 01 06 00 00 00 00 e6 00 7e
7e a0 65 01 02 01 10 f0 50 e6 e7 00 0f 40 00 00 00 09 0c 07 d0 01 03 01 01 2f 28 ff 80 00 03 02 09 09 07 4b 46 4d 5f 30 30 31 09 10 36 39 37 30 36 33 31 34 30 30 30 30 30 39 35 30 09 08 4d 41 31 30 35 48 32 45 06 00 00 00 00 06 00 00 00 00 06 00 00 00 00 06 00 00 00 00 06 00 00 00 0f 06 00 00 08 f7 cd 35 7e
7e a0 27 01 02 01 10 5a 87 e6 e7 00 0f 40 00 00 00 09 0c 07 d0 01 03 01 01 2f 2a ff 80 00 03 02 01 06 00 00 00 00 c7 0d 7e
7e a0 27 01 02 01 10 5a 87 e6 e7 00 0f 40 00 00 00 09 0c 07 d0 01 03 01 01 2f 2d ff 80 00 03 02 01 06 00 00 00 00 5f 8f 7e
7e a0 27 01 02 01 10 5a 87 e6 e7 00 0f 40 00 00 00 09 0c 07 d0 01 03 01 01 2f 30 ff 80 00 03 02 01 06 00 00 00 00 48 10 7e
7e a0 65 01 02 01 10 f0 50 e6 e7 00 0f 40 00 00 00 09 0c 07 d0 01 03 01 01 2f 32 ff 80 00 03 02 09 09 07 4b 46 4d 5f 30 30 31 09 10 36 39 37 30 36 33 31 34 30 30 30 30 30 39 35 30 09 08 4d 41 31 30 35 48 32 45 06 00 00 00 00 06 00 00 00 00 06 00 00 00 00 06 00 00 00 00 06 00 00 00 0f 06 00 00 08 f5 6a f8 7e
7e a0 27 01 02 01 10 5a 87 e6 e7 00 0f 40 00 00 00 09 0c 07 d0 01 03 01 01 2f 33 ff 80 00 03 02 01 06 00 00 00 00 a6 97 7e
7e a0 27 01 02 01 10 5a 87 e6 e7 00 0f 40 00 00 00 09 0c 07 d0 01 03 01 01 2f 36 ff 80 00 03 02 01 06 00 00 00 00 85 17 7e
7e a0 27 01 02 01 10 5a 87 e6 e7 00 0f 40 00 00 00 09 0c 07 d0 01 03 01 01 2f 39 ff 80 00 03 02 01 06 00 00 00 00 f1 9f 7e
7e a0 65 01 02 01 10 f0 50 e6 e7 00 0f 40 00 00 00 09 0c 07 d0 01 03 01 01 30 00 ff 80 00 03 02 09 09 07 4b 46 4d 5f 30 30 31 09 10 36 39 37 30 36 33 31 34 30 30 30 30 30 39 35 30 09 08 4d 41 31 30 35 48 32 45 06 00 00 00 00 06 00 00 00 00 06 00 00 00 00 06 00 00 00 00 06 00 00 00 0e 06 00 00 08 f2 0c 3b 7e
7e a0 27 01 02 01 10 5a 87 e6 e7 00 0f 40 00 00 00 09 0c 07 d0 01 03 01 01 30 03 ff 80 00 03 02 01 06 00 00 00 00 35 c6 7e
7e a0 27 01 02 01 10 5a 87 e6 e7 00 0f 40 00 00 00 09 0c 07 d0 01 03 01 01 30 06 ff 80 00 03 02 01 06 00 00 00 00 16 46 7e
7e a0 27 01 02 01 10 5a 87 e6 e7 00 0f 40 00 00 00 09 0c 07 d0 01 03 01 01 30 09 ff 80 00 03 02 01 06 00 00 00 00 62 ce 7e
7e a0 65 01 02 01 10 f0 50 e6 e7 00 0f 40 00 00 00 09 0c 07 d0 01 03 01 01 30 0a ff 80 00 03 02 09 09 07 4b 46 4d 5f 30 30 31 09 10 36 39 37 30 36 33 31 34 30 30 30 30 30 39 35 30 09 08 4d 41 31 30 35 48 32 45 06 00 00 00 00 06 00 00 00 00 06 00 00 00 00 06 00 00 00 00 06 00 00 00 0f 06 00 00 08 f9 5e 8e 7e
7e a0 27 01 02 01 10 5a 87 e6 e7 00 0f 40 00 00 00 09 0c 07 d0 01 03 01 01 30 0c ff 80 00 03 02 01 06 00 00 00 00 41 4e 7e
7e a0 27 01 02 01 10 5a 87 e6 e7 00 0f 40 00 00 00 09 0c 07 d0 01 03 01 01 30 0f ff 80 00 03 02 01 06 00 00 00 00 af c9 7e
7e a0 27 01 02 01 10 5a 87 e6 e7 00 0f 40 00 00 00 09 0c 07 d0 01 03 01 01 30 12 ff 80 00 03 02 01 06 00 00 00 00 b8 56 7e
7e a0 65 01 02 01 10 f0 50 e6 e7 00 0f 40 00 00 00 09 0c 07 d0 01 03 01 01 30 14 ff 80 00 03 02 09 09 07 4b 46 4d 5f 30 30 31 09 10 36 39 37 30 36 33 31 34 30 30 30 30 30 39 35 30 09 08 4d 41 31 30 35 48 32 45 06 00 00 00 00 06 00 00 00 00 06 00 00 00 00 06 00 00 00 00 06 00 00 00 0e 06 00 00 08 fa 10 a8 7e
7e a0 27 01 02 01 10 5a 87 e6 e7 00 0f 40 00 00 00 09 0c 07 d0 01 03 01 01 30 15 ff 80 00 03 02 01 06 00 00 00 00 20 d4 7e
7e a0 27 01 02 01 10 5a 87 e6 e7 00 0f 40 00 00 00 09 0c 07 d0 01 03 01 01 30 18 ff 80 00 03 02 01 06 00 00 00 00 ef 5e 7e
7e a0 27 01 02 01 10 5a 87 e6 e7 00 0f 40 00 00 00 09 0c 07 d0 01 03 01 01 30 1b ff 80 00 03 02 01 06 00 00 00 00 01 d9 7e
7e a0 65 01 02 01 10 f0 50 e6 e7 00 0f 40 00 00 00 09 0c 07 d0 01 03 01 01 30 1e ff 80 00 03 02 09 09 07 4b 46 4d 5f 30 30 31 09 10 36 39 37 30 36 33 31 34 30 30 30 30 30 39 35 30 09 08 4d 41 31 30 35 48 32 45 06 00 00 00 00 06 00 00 00 00 06 00 00 00 00 06 00 00 00 00 06 00 00 00 0e 06 00 00 08 f3 7b 3a 7e
7e a0 27 01 02 01 10 5a 87 e6 e7 00 0f 40 00 00 00 09 0c 07 d0 01 03 01 01 30 21 ff 80 00 03 02 01 06 00 00 00 00 3e ef 7e
7e a0 27 01 02 01 10 5a 87 e6 e7 00 0f 40 00 00 00 09 0c 07 d0 01 03 01 01 30 24 ff 80 00 03 02 01 06 00 00 00 00 1d 6f 7e
7e a0 27 01 02 01 10 5a 87 e6 e7 00 0f 40 00 00 00 09 0c 07 d0 01 03 01 01 30 27 ff 80 00 03 02 01 06 00 00 00 00 f3 e8 7e
7e a0 27 01 02 01 10 5a 87 e6 e7 00 0f 40 00 00 00 09 0c 07 d0 01 03 01 01 30 2a ff 80 00 03 02 01 06 00 00 00 00 3c 62 7e
7e a0 27 01 02 01 10 5a 87 e6 e7 00 0f 40 00 00 00 09 0c 07 d0 01 03 01 01 30 2d ff 80 00 03 02 01 06 00 00 00 00 a4 e0 7e
7e a0 27 01 02 01 10 5a 87 e6 e7 00 0f 40 00 00 00 09 0c 07 d0 01 03 01 01 30 30 ff 80 00 03 02 01 06 00 00 00 00 b3 7f 7e
7e a0 65 01 02 01 10 f0 50 e6 e7 00 0f 40 00 00 00 09 0c 07 d0 01 03 01 01 30 32 ff 80 00 03 02 09 09 07 4b 46 4d 5f 30 30 31 09 10 36 39 37 30 36 33 31 34 30 30 30 30 30 39 35 30 09 08 4d 41 31 30 35 48 32 45 06 00 00 00 00 06 00 00 00 00 06 00 00 00 00 06 00 00 00 00 06 00 00 00 0e 06 00 00 08 fe 7d 21 7e
7e a0 27 01 02 01 10 5a 87 e6 e7 00 0f 40 00 00 00 09 0c 07 d0 01 03 01 01 30 33 ff 80 00 03 02 01 06 00 00 00 00 5d f8 7e
7e a0 27 01 02 01 10 5a 87 e6 e7 00 0f 40 00 00 00 09 0c 07 d0 01 03 01 01 30 36 ff 80 00 03 02 01 06 00 00 00 00 7e 78 7e
7e a0 27 01 02 01 10 5a 87 e6 e7 00 0f 40 00 00 00 09 0c 07 d0 01 03 01 01 30 39 ff 80 00 03 02 01 06 00 00 00 00 0a f0 7e
7e a0 65 01 02 01 10 f0 50 e6 e7 00 0f 40 00 00 00 09 0c 07 d0 01 03 01 01 31 00 ff 80 00 03 02 09 09 07 4b 46 4d 5f 30 30 31 09 10 36 39 37 30 36 33 31 34 30 30 30 30 30 39 35 30 09 08 4d 41 31 30 35 48 32 45 06 00 00 00 00 06 00 00 00 00 06 00 00 00 00 06 00 00 00 00 06 00 00 00 0f 06 00 00 08 fe 45 88 7e
7e a0 27 01 02 01 10 5a 87 e6 e7 00 0f 40 00 00 00 09 0c 07 d0 01 03 01 01 31 03 ff 80 00 03 02 01 06 00 00 00 00 98 c3 7e
7e a0 27 01 02 01 10 5a 87 e6 e7 00 0f 40 00 00 00 09 0c 07 d0 01 03 01 01 31 06 ff 80 00 03 02 01 06 00 00 00 00 bb 43 7e
7e a0 27 01 02 01 10 5a 87 e6 e7 00 0f 40 00 00 00 09 0c 07 d0 01 03 01 01 31 09 ff 80 00 03 02 01 06 00 00 00 00 cf cb 7e
7e a0 65 01 02 01 10 f0 50 e6 e7 00 0f 40 00 00 00 09 0c 07 d0 01 03 01 01 31 0a ff 80 00 03 02 09 09 07 4b 46 4d 5f 30 30 31 09 10 36 39 37 30 36 33 31 34 30 30 30 30 30 39 35 30 09 08 4d 41 31 30 35 48 32 45 06 00 00 00 00 06 00 00 00 00 06 00 00 00 00 06 00 00 00 00 06 00 00 00 0f 06 00 00 08 fd 74 b5 7e
7e a0 27 01 02 01 10 5a 87 e6 e7 00 0f 40 00 00 00 09 0c 07 d0 01 03 01 01 31 0c ff 80 00 03 02 01 06 00 00 00 00 ec 4b 7e
7e a0 27 01 02 01 10 5a 87 e6 e7 00 0f 40 00 00 00 09 0c 07 d0 01 03 01 01 31 0f ff 80 00 03 02 01 06 00 00 00 00 02 cc 7e
7e a0 27 01 02 01 10 5a 87 e6 e7 00 0f 40 00 00 00 09 0c 07 d0 01 03 01 01 31 12 ff 80 00 03 02 01 06 00 00 00 00 15 53 7e
7e a0 27 01 02 01 10 5a 87 e6 e7 00 0f 40 00 00 00 09 0c 07 d0 01 03 01 01 31 15 ff 80 00 03 02 01 06 00 00 00 00 8d d1 7e
7e a0 27 01 02 01 10 5a 87 e6 e7 00 0f 40 00 00 00 09 0c 07 d0 01 03 01 01 31 18 ff 80 00 03 02 01 06 00 00 00 00 42 5b 7e
7e a0 27 01 02 01 10 5a 87 e6 e7 00 0f 40 00 00 00 09 0c 07 d0 01 03 01 01 31 1b ff 80 00 03 02 01 06 00 00 00 00 ac dc 7e
7e a0 65 01 02 01 10 f0 50 e6 e7 00 0f 40 00 00 00 09 0c 07 d0 01 03 01 01 31 1e ff 80 00 03 02 09 09 07 4b 46 4d 5f 30 30 31 09 10 36 39 37 30 36 33 31 34 30 30 30 30 30 39 35 30 09 08 4d 41 31 30 35 48 32 45 06 00 00 00 00 06 00 00 00 00 06 00 00 00 00 06 00 00 00 00 06 00 00 00 0e 06 00 00 08 fb 3d cb 7e
7e a0 27 01 02 01 10 5a 87 e6 e7 00 0f 40 00 00 00 09 0c 07 d0 01 03 01 01 31 21 ff 80 00 03 02 01 06 00 00 00 00 93 ea 7e
7e a0 27 01 02 01 10 5a 87 e6 e7 00 0f 40 00 00 00 09 0c 07 d0 01 03 01 01 31 24 ff 80 00 03 02 01 06 00 00 00 00 b0 6a 7e
7e a0 27 01 02 01 10 5a 87 e6 e7 00 0f 40 00 00 00 09 0c 07 d0 01 03 01 01 31 27 ff 80 00 03 02 01 06 00 00 00 00 5e ed 7e
7e a0 65 01 02 01 10 f0 50 e6 e7 00 0f 40 00 00 00 09 0c 07 d0 01 03 01 01 31 28 ff 80 00 03 02 09 09 07 4b 46 4d 5f 30 30 31 09 10 36 39 37 30 36 33 31 34 30 30 30 30 30 39 35 30 09 08 4d 41 31 30 35 48 32 45 06 00 00 00 00 06 00 00 00 00 06 00 00 00 00 06 00 00 00 00 06 00 00 00 0f 06 00 00 08 ff 64 a7 7e
7e a0 27 01 02 01 10 5a 87 e6 e7 00 0f 40 00 00 00 09 0c 07 d0 01 03 01 01 31 2a ff 80 00 03 02 01 06 00 00 00 00 91 67 7e
